
$ ./markov_2.py 200

x0
[[1.000 0.000 0.000 0.000 0.000 0.000]]

A
[[1.000 0.000 0.000 0.000 0.000 0.000]
 [1.000 0.000 0.250 0.000 0.000 0.000]
 [0.000 1.000 0.000 0.250 0.000 0.000]
 [0.000 0.000 0.750 0.000 0.250 0.000]
 [0.000 0.000 0.000 0.750 0.000 0.000]
 [0.000 0.000 0.000 0.000 0.750 0.000]]
Sums A
 [2.000 1.000 1.000 1.000 1.000 0.000]

A^200
[[1.000 0.000 0.000 0.000 0.000 0.000]
 [1.481 0.000 0.000 0.000 0.000 0.000]
 [1.926 0.000 0.000 0.000 0.000 0.000]
 [1.778 0.000 0.000 0.000 0.000 0.000]
 [1.333 0.000 0.000 0.000 0.000 0.000]
 [1.000 0.000 0.000 0.000 0.000 0.000]]
Sums A^200
 [8.519 0.000 0.000 0.000 0.000 0.000]

x200 = A^200 * x0
[[1.000 1.481 1.926 1.778 1.333 1.000]]

